测试方法：先在草本附近的弹跳蘑菇那用芙芙的e耗一下全队的血量，耗1/4左右，然后在绝缘本附近有个电气水晶集中点， 尽量让多个电气水晶能打到芙芙，芙芙开大，全队奶妈开大，瞬间叠满层，然后观察芙芙生命值上限的变化规律

注：这个测试方法要求芙芙二命

生命上限调整间隔: [['FTNH6557', [0.533, 0.517, 0.5, 0.55, 0.45]], ['KQIL4518', [0.5, 0.516, 0.5, 0.517, 0.5, 0.517, 0.483, 0.5, 0.45, 0.517, 0.483, 0.517, 0.585, 0.466, 0.484, 0.5, 0.483, 0.5, 0.5, 0.5, 0.517, 0.5, 0.5, 0.5, 0.516, 0.5, 0.517, 0.5, 0.502, 0.5]], ['PGFK6543', [0.483, 0.5, 0.55, 0.5, 0.517, 0.5, 0.517, 0.5, 0.5, 0.5, 0.5, 0.501, 0.467, 0.517, 0.616, 0.4, 0.5, 0.5]], ['QYRF3942', [0.517, 0.483, 0.517, 0.5, 0.55, 0.5, 0.5, 0.517, 0.5, 0.5, 0.5, 0.5, 0.501, 0.4, 0.567, 0.517, 0.5, 0.5, 0.516, 0.5, 0.417, 0.5, 0.5, 0.5, 0.55, 0.517, 0.5, 0.5, 0.516]], ['SGFL2663', [0.5, 0.483, 0.517, 0.5, 0.5, 0.5, 0.517, 0.583, 0.483, 0.517, 0.5, 0.5, 0.518, 0.5, 0.5, 0.5, 0.517, 0.45, 0.65, 0.45]], ['TPKG5556', [0.5, 0.5, 0.45, 0.5, 0.517, 0.5, 0.5, 0.516, 0.5, 0.5, 0.5, 0.519]]]
排序：[0.4, 0.4, 0.417, 0.45, 0.45, 0.45, 0.45, 0.45, 0.466, 0.467, 0.483, 0.483, 0.483, 0.483, 0.483, 0.483, 0.483, 0.484, 0.5, 0.5, 0.5, 0.5, 0.5, 0.5, 0.5, 0.5, 0.5, 0.5, 0.5, 0.5, 0.5, 0.5, 0.5, 0.5, 0.5, 0.5, 0.5, 0.5, 0.5, 0.5, 0.5, 0.5, 0.5, 0.5, 0.5, 0.5, 0.5, 0.5, 0.5, 0.5, 0.5, 0.5, 0.5, 0.5, 0.5, 0.5, 0.5, 0.5, 0.5, 0.5, 0.5, 0.5, 0.5, 0.5, 0.5, 0.5, 0.5, 0.5, 0.5, 0.5, 0.5, 0.5, 0.5, 0.5, 0.501, 0.501, 0.502, 0.516, 0.516, 0.516, 0.516, 0.516, 0.517, 0.517, 0.517, 0.517, 0.517, 0.517, 0.517, 0.517, 0.517, 0.517, 0.517, 0.517, 0.517, 0.517, 0.517, 0.517, 0.517, 0.517, 0.517, 0.517, 0.518, 0.519, 0.533, 0.55, 0.55, 0.55, 0.55, 0.567, 0.583, 0.585, 0.616, 0.65]

0.4和0.6都有点不正常，最终取值：[0.45, 0.55]


通过这个测试，还观察到一些有意思的事情，大招无敌时间没等动画结束就结束了

Q动画开始 - 无敌结束: [['FTNH6557', 1.833], ['KQIL4518', 1.742], ['PGFK6543', -0.85], ['QYRF3942', -0.717], ['SGFL2663', -4.368], ['TPKG5556', 1.967]]
排序：[-4.368, -0.85, -0.717, 1.742, 1.833, 1.967]